1000
2 1 9
3 2 5
4 3 7
5 390 3
6 5 2
7 982 1
8 7 1
9 8 6
10 268 1
11 10 2
12 785 1
13 12 9
14 326 2
15 318 4
16 17 7
17 813 1
18 17 6
19 20 2
20 21 11
21 416 1
22 852 1
23 457 1
24 312 1
25 433 3
26 859 1
27 510 1
28 251 2
29 37 9
30 29 6
31 32 10
32 33 7
33 34 9
34 35 7
35 36 6
36 981 2
37 38 4
38 39 6
39 738 3
40 380 1
41 145 4
42 41 13
43 42 12
44 45 6
45 416 1
46 45 8
47 48 3
48 49 1
49 50 3
50 51 5
51 919 2
52 53 1
53 54 13
54 55 14
55 885 3
56 57 5
57 229 2
58 59 2
59 417 1
60 59 4
61 188 1
62 39 1
63 785 1
64 341 1
65 510 1
66 916 1
67 68 5
68 886 1
69 68 1
70 69 3
71 72 6
72 532 1
73 83 4
74 919 1
75 76 4
76 614 1
77 184 2
78 880 1
79 80 7
80 699 1
81 665 3
82 81 2
83 82 2
84 85 13
85 86 3
86 784 4
87 694 1
88 481 2
89 88 5
90 89 5
91 92 7
92 180 3
93 92 1
94 93 1
95 852 6
96 640 2
97 387 2
98 99 2
99 100 7
100 279 4
101 24 3
102 63 1
103 102 6
104 105 1
105 351 2
106 266 1
107 106 2
108 109 5
109 294 1
110 109 10
111 110 9
112 896 1
113 112 5
114 633 2
115 633 1
116 115 2
117 910 2
118 117 2
119 699 1
120 121 5
121 122 9
122 996 2
123 124 2
124 125 6
125 802 4
126 181 6
127 387 1
128 129 5
129 387 1
130 131 7
131 132 6
132 133 6
133 567 1
134 547 1
135 134 11
136 137 6
137 260 5
138 982 3
139 115 2
140 57 2
141 604 1
142 78 1
143 786 1
144 931 5
145 500 1
146 727 1
147 146 4
148 147 2
149 148 2
150 765 1
151 981 2
152 151 12
153 154 2
154 996 3
155 917 1
156 986 1
157 614 1
158 157 6
159 709 3
160 161 13
161 942 3
162 155 3
163 164 7
164 165 1
165 133 2
166 252 1
167 168 3
168 804 1
169 170 13
170 727 1
171 170 3
172 171 1
173 748 2
174 175 3
175 176 6
176 7 1
177 176 6
178 177 2
179 772 2
180 621 1
181 783 1
182 181 1
183 947 1
184 7 1
185 184 8
186 187 5
187 188 4
188 971 1
189 188 3
190 189 8
191 260 2
192 191 7
193 204 4
194 502 3
195 649 5
196 446 4
197 599 1
198 197 8
199 200 1
200 919 2
201 795 2
202 201 8
203 202 6
204 137 1
205 231 2
206 696 5
207 772 1
208 712 1
209 210 1
210 74 1
211 210 3
212 211 1
213 212 4
214 393 5
215 214 4
216 720 10
217 480 5
218 141 2
219 220 11
220 594 2
221 537 3
222 455 3
223 507 5
224 460 1
225 771 1
226 225 2
227 226 1
228 430 1
229 228 3
230 134 2
231 633 1
232 233 3
233 781 5
234 233 3
235 236 1
236 242 5
237 654 1
238 237 9
239 240 7
240 896 1
241 242 1
242 161 5
243 244 14
244 396 1
245 51 1
246 245 1
247 776 3
248 526 7
249 250 3
250 173 4
251 352 1
252 65 2
253 545 2
254 253 5
255 664 1
256 258 2
257 256 6
258 259 10
259 260 5
260 261 4
261 832 1
262 263 2
263 380 2
264 984 1
265 433 3
266 921 1
267 266 7
268 484 1
269 270 12
270 271 12
271 520 2
272 275 1
273 200 1
274 772 1
275 927 1
276 275 10
277 276 10
278 727 1
279 329 1
280 281 3
281 397 1
282 283 3
283 312 2
284 656 1
285 286 4
286 200 2
287 87 1
288 287 3
289 797 6
290 225 1
291 290 5
292 291 11
293 294 4
294 501 1
295 294 1
296 297 1
297 10 2
298 297 1
299 200 6
300 299 3
301 563 2
302 188 1
303 302 4
304 305 6
305 251 4
306 305 4
307 184 1
308 307 1
309 308 3
310 309 10
311 312 7
312 859 1
313 312 5
314 313 4
315 314 5
316 317 2
317 742 1
318 317 3
319 776 1
320 321 5
321 322 3
322 581 1
323 322 4
324 323 10
325 324 10
326 114 3
327 326 4
328 327 2
329 982 1
330 331 2
331 332 5
332 333 5
333 756 1
334 335 3
335 336 1
336 344 2
337 875 3
338 337 11
339 358 3
340 341 10
341 654 1
342 341 13
343 180 2
344 776 1
345 346 1
346 281 1
347 348 6
348 760 2
349 984 1
350 736 1
351 808 2
352 788 2
353 352 5
354 353 9
355 772 1
356 355 4
357 356 9
358 359 3
359 27 1
360 359 2
361 360 3
362 363 7
363 364 2
364 539 1
365 364 6
366 367 9
367 55 1
368 736 1
369 368 1
370 644 3
371 66 1
372 371 3
373 45 1
374 375 5
375 376 4
376 377 14
377 378 2
378 547 4
379 715 3
380 231 1
381 417 3
382 201 2
383 145 2
384 383 1
385 658 4
386 387 4
387 78 1
388 387 3
389 390 4
390 967 2
391 390 4
392 391 2
393 394 1
394 200 1
395 394 1
396 328 2
397 771 1
398 397 5
399 825 6
400 547 4
401 781 2
402 401 6
403 496 4
404 403 6
405 404 5
406 405 6
407 406 6
408 7 3
409 408 1
410 661 1
411 412 3
412 792 1
413 21 7
414 415 1
415 416 1
416 419 1
417 364 1
418 772 1
419 26 1
420 421 9
421 422 5
422 423 1
423 547 1
424 425 1
425 215 2
426 427 10
427 228 1
428 876 2
429 261 5
430 953 1
431 432 9
432 255 1
433 715 1
434 442 2
435 724 1
436 858 7
437 260 3
438 437 5
439 438 4
440 439 9
441 440 10
442 134 1
443 825 4
444 68 1
445 444 1
446 633 3
447 446 5
448 204 4
449 448 2
450 449 15
451 489 12
452 451 6
453 452 8
454 453 11
455 736 1
456 455 5
457 503 3
458 457 4
459 460 2
460 461 3
461 64 2
462 463 11
463 464 12
464 465 6
465 544 4
466 228 1
467 760 1
468 467 8
469 364 5
470 941 6
471 417 1
472 473 8
473 928 2
474 475 6
475 476 2
476 477 7
477 478 4
478 479 1
479 205 1
480 481 3
481 351 1
482 119 1
483 482 1
484 483 1
485 484 2
486 485 2
487 442 3
488 381 1
489 292 11
490 491 14
491 492 7
492 777 2
493 492 9
494 493 4
495 496 6
496 969 4
497 782 4
498 656 1
499 500 1
500 368 1
501 445 1
502 157 1
503 24 5
504 503 9
505 194 4
506 182 3
507 508 3
508 505 3
509 510 15
510 992 1
511 510 2
512 513 8
513 910 2
514 307 2
515 514 6
516 517 8
517 457 2
518 517 6
519 518 1
520 724 1
521 520 1
522 523 1
523 226 4
524 655 4
525 633 3
526 978 1
527 946 1
528 777 1
529 528 2
530 529 2
531 532 5
532 911 3
533 895 1
534 535 12
535 878 1
536 535 3
537 671 1
538 539 1
539 697 1
540 539 8
541 540 8
542 541 11
543 544 11
544 545 2
545 796 1
546 547 3
547 633 1
548 498 1
549 548 5
550 549 5
551 550 13
552 553 7
553 24 1
554 553 1
555 554 4
556 26 1
557 838 1
558 557 8
559 558 6
560 693 5
561 560 3
562 563 9
563 792 1
564 992 1
565 564 6
566 567 5
567 886 1
568 569 1
569 570 2
570 55 5
571 570 5
572 573 9
573 574 7
574 661 1
575 574 10
576 577 12
577 297 2
578 231 1
579 578 9
580 172 1
581 877 3
582 640 1
583 992 3
584 585 1
585 501 1
586 587 6
587 220 2
588 587 6
589 588 7
590 589 5
591 592 3
592 533 1
593 592 9
594 856 1
595 594 9
596 396 4
597 596 11
598 599 9
599 435 1
600 599 1
601 600 10
602 601 11
603 602 12
604 4 1
605 262 11
606 980 2
607 255 1
608 669 2
609 610 3
610 844 3
611 467 3
612 611 9
613 205 3
614 145 1
615 142 1
616 228 4
617 261 5
618 619 3
619 620 1
620 621 4
621 798 1
622 471 1
623 624 8
624 919 3
625 134 5
626 599 2
627 626 9
628 629 12
629 279 3
630 629 5
631 434 2
632 633 10
633 210 1
634 240 2
635 636 3
636 510 1
637 638 5
638 639 5
639 168 4
640 74 1
641 642 14
642 228 1
643 642 1
644 380 1
645 621 3
646 645 14
647 648 5
648 401 3
649 650 1
650 651 1
651 65 1
652 651 7
653 654 11
654 656 1
655 428 2
656 803 1
657 656 9
658 86 4
659 372 3
660 661 3
661 228 1
662 661 2
663 662 3
664 87 1
665 390 3
666 667 2
667 668 9
668 656 1
669 8 1
670 748 2
671 397 1
672 671 3
673 672 4
674 673 4
675 571 1
676 677 1
677 78 3
678 679 5
679 931 1
680 679 1
681 680 7
682 141 3
683 221 3
684 685 12
685 482 1
686 459 5
687 688 2
688 81 2
689 688 1
690 455 2
691 690 5
692 621 2
693 669 2
694 679 1
695 371 2
696 697 1
697 993 1
698 699 8
699 225 1
700 699 4
701 702 9
702 703 8
703 343 1
704 703 8
705 706 10
706 707 3
707 708 12
708 709 9
709 264 1
710 709 2
711 7 1
712 886 1
713 714 6
714 715 1
715 401 1
716 435 2
717 718 4
718 872 1
719 720 2
720 631 5
721 720 1
722 6 2
723 722 4
724 993 1
725 726 9
726 727 9
727 261 1
728 221 2
729 73 3
730 729 10
731 732 6
732 733 12
733 734 11
734 715 1
735 736 10
736 68 1
737 106 2
738 87 1
739 738 11
740 741 11
741 742 5
742 435 3
743 742 9
744 745 8
745 788 1
746 745 7
747 748 1
748 427 1
749 699 1
750 749 5
751 992 2
752 753 9
753 829 4
754 755 5
755 756 1
756 181 1
757 756 9
758 759 7
759 352 2
760 77 1
761 760 10
762 763 6
763 916 1
764 640 1
765 621 2
766 117 1
767 766 9
768 919 2
769 191 3
770 318 2
771 772 1
772 387 1
773 772 3
774 773 3
775 774 13
776 287 1
777 166 1
778 777 12
779 941 1
780 779 8
781 822 1
782 942 1
783 784 1
784 941 1
785 699 1
786 677 3
787 786 3
788 548 1
789 640 2
790 622 2
791 792 3
792 992 2
793 792 11
794 942 2
795 796 2
796 442 1
797 796 4
798 133 1
799 798 1
800 799 12
801 802 12
802 919 1
803 78 1
804 435 1
805 804 13
806 427 7
807 748 2
808 784 2
809 808 11
810 809 1
811 810 6
812 784 1
813 812 1
814 815 4
815 816 1
816 68 2
817 870 1
818 817 15
819 820 14
820 821 15
821 822 3
822 880 1
823 824 11
824 825 8
825 200 4
826 825 7
827 826 8
828 794 1
829 941 3
830 859 3
831 830 7
832 718 2
833 832 1
834 835 3
835 785 1
836 835 3
837 838 7
838 145 4
839 838 3
840 839 7
841 500 1
842 843 12
843 223 3
844 393 1
845 846 7
846 847 8
847 848 12
848 919 4
849 848 3
850 710 2
851 607 4
852 978 2
853 852 7
854 47 1
855 281 1
856 162 2
857 858 6
858 859 1
859 567 1
860 821 6
861 860 1
862 885 10
863 724 2
864 863 4
865 866 13
866 867 12
867 197 1
868 867 7
869 868 14
870 711 7
871 872 6
872 783 1
873 874 1
874 644 2
875 926 3
876 921 2
877 878 3
878 133 3
879 880 4
880 350 1
881 709 2
882 227 1
883 882 6
884 885 3
885 972 3
886 141 1
887 886 4
888 887 8
889 888 4
890 889 2
891 802 1
892 337 2
893 892 1
894 373 5
895 781 1
896 133 2
897 896 6
898 897 12
899 898 3
900 899 3
901 151 3
902 901 2
903 496 1
904 903 8
905 906 4
906 912 3
907 906 9
908 907 4
909 908 14
910 668 1
911 912 1
912 734 2
913 912 10
914 915 2
915 916 3
916 229 3
917 528 2
918 919 5
919 880 1
920 921 8
921 182 2
922 162 3
923 924 6
924 649 5
925 461 2
926 925 2
927 556 1
928 554 1
929 694 2
930 850 2
931 266 2
932 931 1
933 932 3
934 933 6
935 380 1
936 935 6
937 938 2
938 939 4
939 940 9
940 390 5
941 699 1
942 109 1
943 944 1
944 807 4
945 777 1
946 947 1
947 55 1
948 1000 5
949 742 2
950 949 9
951 950 11
952 953 13
953 74 1
954 854 3
955 954 3
956 955 6
957 760 2
958 959 11
959 960 7
960 961 3
961 220 1
962 963 2
963 964 9
964 965 13
965 966 11
966 967 4
967 194 2
968 969 1
969 385 1
970 971 2
971 803 1
972 614 1
973 972 3
974 268 1
975 302 1
976 977 1
977 978 6
978 367 2
979 980 10
980 471 2
981 980 3
982 781 1
983 679 1
984 368 1
985 671 1
986 231 1
987 986 1
988 987 14
989 990 6
990 903 1
991 990 6
992 231 2
993 992 1
994 995 8
995 996 11
996 330 1
997 998 11
998 654 3
999 998 5
1000 881 3
3856